nohup: ignoring input
0
648
1
30
2
470
3
27
4
18
5
26
6
52
7
582
8
14
9
137
10
80
11
22
12
261
13
341
14
99
15
105
16
359
17
523
18
49
19
68
20
445
21
1049
22
803
23
17
24
130
25
496
26
7
27
1232
28
11
29
64
30
1107
31
23
32
290
33
323
34
422
35
721
36
76
37
614
38
89
39
61
40
116
41
58
42
1168
43
19
44
110
45
123
46
199
47
210
48
84
49
275
50
9
51
222
52
189
53
942
54
7
55
24
56
400
57
9
58
10
59
11
60
306
61
34
62
247
63
170
64
179
65
161
66
21
67
6
68
12
69
13
70
15
71
42
72
893
73
36
74
94
75
47
76
152
77
8
78
44
79
1300
80
17
81
6
82
55
83
683
84
8
85
761
86
32
87
8
88
40
89
234
90
16
91
13
92
994
93
144
94
847
95
38
96
379
97
72
98
552
99
29
